%% My touch
linewidth=2;
markersize=6;
blue=[78 101 148]/255;
red=[216 41 0]/255;
red_soft = [216 115 86]/255;
grey=[1 1 1]/2;
green = [106, 168, 79]/255;
yellow = [204, 153, 0]/255;
papersize=[14 10];
scrsz = get(0,'ScreenSize');